Enter radius: 5

Area = 78.500000
Perimeter = 31.400000